Lim1 = 1; Lim2 = 2; delta = 0.0001;
[Raiz1, Iter] = bissecao(Lim1, Lim2, delta)

Raiz1 =

    1.1141


Iter =

    13

 x = (Lim1:0.01:Lim2)'

x =

    1.0000
    1.0100
    1.0200
    1.0300
    1.0400
    1.0500
    1.0600
    1.0700
    1.0800
    1.0900
    1.1000
    1.1100
    1.1200
    1.1300
    1.1400
    1.1500
    1.1600
    1.1700
    1.1800
    1.1900
    1.2000
    1.2100
    1.2200
    1.2300
    1.2400
    1.2500
    1.2600
    1.2700
    1.2800
    1.2900
    1.3000
    1.3100
    1.3200
    1.3300
    1.3400
    1.3500
    1.3600
    1.3700
    1.3800
    1.3900
    1.4000
    1.4100
    1.4200
    1.4300
    1.4400
    1.4500
    1.4600
    1.4700
    1.4800
    1.4900
    1.5000
    1.5100
    1.5200
    1.5300
    1.5400
    1.5500
    1.5600
    1.5700
    1.5800
    1.5900
    1.6000
    1.6100
    1.6200
    1.6300
    1.6400
    1.6500
    1.6600
    1.6700
    1.6800
    1.6900
    1.7000
    1.7100
    1.7200
    1.7300
    1.7400
    1.7500
    1.7600
    1.7700
    1.7800
    1.7900
    1.8000
    1.8100
    1.8200
    1.8300
    1.8400
    1.8500
    1.8600
    1.8700
    1.8800
    1.8900
    1.9000
    1.9100
    1.9200
    1.9300
    1.9400
    1.9500
    1.9600
    1.9700
    1.9800
    1.9900
    2.0000

y = (x.^3)-x-1;
y = (x.^3)-x-1

y =

   -1.0000
   -0.9797
   -0.9588
   -0.9373
   -0.9151
   -0.8924
   -0.8690
   -0.8450
   -0.8203
   -0.7950
   -0.7690
   -0.7424
   -0.7151
   -0.6871
   -0.6585
   -0.6291
   -0.5991
   -0.5684
   -0.5370
   -0.5048
   -0.4720
   -0.4384
   -0.4042
   -0.3691
   -0.3334
   -0.2969
   -0.2596
   -0.2216
   -0.1828
   -0.1433
   -0.1030
   -0.0619
   -0.0200
    0.0226
    0.0661
    0.1104
    0.1555
    0.2014
    0.2481
    0.2956
    0.3440
    0.3932
    0.4433
    0.4942
    0.5460
    0.5986
    0.6521
    0.7065
    0.7618
    0.8179
    0.8750
    0.9330
    0.9918
    1.0516
    1.1123
    1.1739
    1.2364
    1.2999
    1.3643
    1.4297
    1.4960
    1.5633
    1.6315
    1.7007
    1.7709
    1.8421
    1.9143
    1.9875
    2.0616
    2.1368
    2.2130
    2.2902
    2.3684
    2.4477
    2.5280
    2.6094
    2.6918
    2.7752
    2.8598
    2.9453
    3.0320
    3.1197
    3.2086
    3.2985
    3.3895
    3.4816
    3.5749
    3.6692
    3.7647
    3.8613
    3.9590
    4.0579
    4.1579
    4.2591
    4.3614
    4.4649
    4.5695
    4.6754
    4.7824
    4.8906
    5.0000

size(x)

ans =

   101     1

size(y)

ans =

   101     1

plot(x,y)
grid
xlabel('Eixo X')
ylabel('Eixo Y')
title('Kirsten')
diary off
